9 12 33 47 53 67 78 -1 -1 -1
48 81 -1 -1 -1 -1 -1 -1 -1 -1
13 41 62 -1 -1 -1 -1 -1 -1 -1
1 3 45 79 -1 -1 -1 -1 -1 -1
14 16 24 44 46 55 57 64 74 82
10 31 -1 -1 -1 -1 -1 -1 -1 -1
6 25 -1 -1 -1 -1 -1 -1 -1 -1
23 39 50 56 65 68 -1 -1 -1 -1
32 70 73 83 88 93 -1 -1 -1 -1
15 -1 -1 -1 -1 -1 -1 -1 -1 -1
4 -1 -1 -1 -1 -1 -1 -1 -1 -1
26 37 51 84 -1 -1 -1 -1 -1 -1
22 27 -1 -1 -1 -1 -1 -1 -1 -1
18 58 59 66 71 91 -1 -1 -1 -1
0 5 7 54 72 90 99 -1 -1 -1
38 95 -1 -1 -1 -1 -1 -1 -1 -1
94 -1 -1 -1 -1 -1 -1 -1 -1 -1
29 35 40 42 77 80 -1 -1 -1 -1
11 19 36 76 86 96 -1 -1 -1 -1
17 20 30 43 49 69 75 85 -1 -1
8 61 63 -1 -1 -1 -1 -1 -1 -1
34 -1 -1 -1 -1 -1 -1 -1 -1 -1
60 89 -1 -1 -1 -1 -1 -1 -1 -1
28 -1 -1 -1 -1 -1 -1 -1 -1 -1
21 52 -1 -1 -1 -1 -1 -1 -1 -1
2 -1 -1 -1 -1 -1 -1 -1 -1 -1
92 98 97 -1 -1 -1 -1 -1 -1 -1
87 -1 -1 -1 -1 -1 -1 -1 -1 -1